20,0.0000067334397711298825,4.474465635755232
50,0.000010105289056748503,4.762302884204188
80,0.000010057528925722272,4.821675266263915
110,0.000009972290089496068,4.887366771723235
140,0.000009829893319991138,4.944124776765069
170,0.000009636119727372124,4.993022629783458
200,0.00000946840642369046,5.04047524725998
230,0.000009370543050151251,5.101333328450156
260,0.000009141380723789181,5.159095167829505
290,0.000009076858606551736,5.223296249880574
320,0.000008857909909954281,5.282412585510974
350,0.000008650032236460085,5.349483831484792
380,0.00000843914781348446,5.420369622709403
410,0.00000832323805140045,5.510759949976617
440,0.000008108471689631748,5.5889046968548195
470,0.000007901395285663664,5.670062360735667
500,0.000007658331895280864,5.787826277893586
530,0.000007768991134080969,5.934355782996495
560,0.000007943049791328241,6.081532116141261
620,0.000010095808979937358,4.790799319123331
720,0.00001010493211934006,4.82757194791203
820,0.00000989111126154564,4.835662309588022
920,0.000010053423083457505,4.8654426486730085
1020,0.000009954066171114673,4.87724909915778
1120,0.000009871207617245621,4.884691635050318
1220,0.000009899641159257837,4.907388105246589
1320,0.000009780998648075575,4.927035873304678
1420,0.000009831846806332495,4.943281106857529
1520,0.000009736526592182343,4.961323483797133
1620,0.000009602036168466218,4.9805715290679
1720,0.00000969944749704126,4.99491744068272
1820,0.000009593754387319393,5.016484868452236
1920,0.000009538972344680637,5.028820436009816
2020,0.00000947802174206268,5.0452384447666905
2120,0.000009362083122652924,5.074347737622419
2220,0.00000936484309319887,5.0850758296634915
2320,0.000009274626231638158,5.106865595125642
2420,0.000009303047673763563,5.120619472627197
2520,0.000009169528916888861,5.139150288578343
2620,0.000009208645915173587,5.1662329819062
2720,0.000009093331455277153,5.182490425917324
2820,0.000009072748558073817,5.207522243853093
2920,0.000009117317097656878,5.220268246642114
3020,0.000008969886840786081,5.248603975388962
3120,0.000008921923748420897,5.266569079937462
3220,0.000008887468954414965,5.287351679741989
3320,0.000008762222768026204,5.308747935383693
3420,0.000008673499314682472,5.328815922980237
3520,0.000008545856788008358,5.351821395535505
3620,0.000008572773384253062,5.375089423157287
3720,0.000008488795229729586,5.397065305793065
3820,0.000008423723483854176,5.431568312766505
3920,0.000008400167589705838,5.457975904748374
4020,0.00000834923023509697,5.48477382323912
4120,0.00000832286157686098,5.513872938372211
4220,0.000008230220774281919,5.542441568948281
4320,0.000008152592536329658,5.56543719232079
4420,0.00000812546796222522,5.5936753818012335
4520,0.000008035813955812033,5.6208372238890565
4620,0.000007958966096440483,5.6502101254180275
4720,0.000007883188451680864,5.680146242973157
4820,0.000007844451787966357,5.716668268732039
4920,0.000007806239930233727,5.759173258996719
5020,0.000007764426098754295,5.8036174266830685
5120,0.000007769326499800976,5.848337578552276
5220,0.000007777827191155715,5.900896173774301
5320,0.000007800037003451305,5.949691056063121
5420,0.000007878586521518199,5.994389850397242
5520,0.000007880381437651868,6.048991530911506
6000,0.000009945475229746755,4.82662902732418
6500,0.000009221188047624618,4.7164539986443215
7000,0.000009829217810302402,4.843623367640743
7500,0.000009895217169551638,4.758644173412234
8000,0.000010078432263394276,4.810289288123151
8500,0.000009917229834451564,4.766626452250922
9000,0.000010071258102912165,4.808435100568401
9500,0.000009904055984403046,4.774426506015443
10000,0.000010005476173920481,4.82820933151891
10500,0.000010000228554696459,4.787402691156117
11000,0.000009874978117845879,4.841603547908525
11500,0.000010219659081789946,4.823444211487818
12000,0.000010097025037876645,4.826585313797682
12500,0.000010172823208192059,4.815716697313176
13000,0.000010116469488188997,4.833093144819082
13500,0.000010022191986409782,4.821289763083806
14000,0.000009940603911719723,4.8513113288400005
14500,0.00000998397418844992,4.8386000706272485
15000,0.000009908711147762444,4.855274421126105
15500,0.000010077803663583377,4.861322862794914
16000,0.000009973442772900427,4.865105162637323
16500,0.000010022317192403075,4.862283864956543
17000,0.000009959744409495298,4.8737842468128765
17500,0.000009939435860113795,4.8699020188457585
18000,0.000009876711453215202,4.8865567403719545
18500,0.000009926853926642514,4.87768154269041
19000,0.000009789859191909779,4.896411374422934
19500,0.000009945475229746757,4.915459457818002
20000,0.000009962494939119417,4.902377268303406
20500,0.000009962725533923704,4.906856038701073
21000,0.000009930266091928033,4.90978454023457
21500,0.000009862251318354402,4.917287810063591
22000,0.000009755206473485865,4.922941675707326
22500,0.000009791044606913092,4.926376312521958
23000,0.00000976642558993002,4.933766428087853
23500,0.000009809431588818658,4.945411007532452
24000,0.000009788604944654484,4.943133729428739
24500,0.000009758820269177721,4.952150662461436
25000,0.000009686125357364868,4.953846531302917
25500,0.000009716359552331793,4.95902980695069
26000,0.000009682044866251659,4.96254358072623
26500,0.000009735568872990934,4.971940836192056
27000,0.0000096470302177579,4.973046160648303
27500,0.000009664332093761935,4.9920931328483205
28000,0.000009749917577076743,4.9892717079965765
28500,0.000009687015561304827,4.990102060386218
29000,0.0000096473093876654,4.995128381219818
29500,0.000009624151138363827,5.003276854247735
30000,0.000009577794415279688,5.013309214745115
30500,0.000009608242637037913,5.011635295987166
31000,0.000009578293026615942,5.01597913831526
31500,0.000009538803673027329,5.026160980679193
32000,0.000009590084276765398,5.031465744361687
32500,0.000009559379989372905,5.0304082088146735
33000,0.000009536567932503888,5.034937194808915
33500,0.00000951350341073339,5.0420969265045406
34000,0.000009475431647255316,5.046028010327504
34500,0.000009436049466392707,5.057819318309408
35000,0.000009448761569915737,5.056533682454368
35500,0.000009361218940125672,5.069903855333949
36000,0.000009483606099533898,5.080163126293121
36500,0.000009440467521151683,5.075738284027436
37000,0.000009384915706070635,5.084137130304642
37500,0.000009346380298865687,5.087845668207606
38000,0.000009367896260489948,5.09764992289666
38500,0.000009350679892958863,5.097794277277494
39000,0.000009349904638575463,5.106672807800765
39500,0.000009276909233389299,5.11051467939468
40000,0.000009293945244466156,5.122875715820368
40500,0.000009314029211864472,5.122025177912072
41000,0.000009273389276059886,5.129949189191558
41500,0.000009228034187696584,5.144739931316125
42000,0.00000919093600988253,5.133986672188623
42500,0.000009155188232212941,5.1464316626054565
43000,0.000009192855788921103,5.151023678019339
43500,0.000009130613300398464,5.1540739708162615
44000,0.000009185638713837968,5.171328185208064
44500,0.00000916229485205965,5.16917253533833
45000,0.000009142663613731805,5.173513162874295
45500,0.00000916547728669881,5.18471002565908
46000,0.000009108498871593806,5.193276260580025
46500,0.000009134503317716041,5.1947663873797385
47000,0.000009065138672829198,5.1989142561740005
47500,0.000009028684259509242,5.203095510469021
48000,0.000009046673642049306,5.217783117044022
48500,0.000009111619678850464,5.218082991318507
49000,0.000009034717517892227,5.223433305691392
49500,0.000009025090672406265,5.236568609167603
50000,0.000009016893252501993,5.239719509062731
50500,0.000008975735463512633,5.244393912700508
51000,0.000008957704151927041,5.247797009674674
51500,0.000008928680319526247,5.25780371384736
52000,0.000008927012549030286,5.264147087590606
52500,0.000008939145233424964,5.272408511983077
53000,0.00000889893140704015,5.2751466217266785
53500,0.000008846707301291725,5.284382566600879
54000,0.00000883345137822025,5.285270679861238
54500,0.00000880576618711158,5.294362371891029
55000,0.000008796415580675389,5.29738019273406
55500,0.000008785027997862783,5.3049028315241635
56000,0.000008730056930621454,5.312773530116346
56500,0.000008749761598008612,5.319007023749171
57000,0.000008726671229084167,5.322799785628959
57500,0.000008678913826040248,5.329258297778614
58000,0.000008737954963900623,5.336937203993636
58500,0.000008609206518098756,5.336609150520406
59000,0.000008585916556692268,5.350591122878119
59500,0.0000086290661794759,5.35147745804939
60000,0.000008592295112422347,5.36346570182917
60500,0.000008560292523297476,5.372042066063756
61000,0.0000085409028700361,5.379838507665479
61500,0.00000852403132863598,5.3907684042046675
62000,0.000008539965891395909,5.393244615918939
62500,0.000008493718517288686,5.397538903390228
63000,0.000008468075512728075,5.410568596595352
63500,0.000008452102724395106,5.419722010426995
64000,0.000008421308369541129,5.42737741197929
64500,0.000008415124475970172,5.440571677211056
65000,0.000008379507654309747,5.439767562420596
65500,0.000008415909749514305,5.452649755618793
66000,0.00000840998046853742,5.461077514586114
66500,0.000008390405050624893,5.4700600808063164
67000,0.000008330877164216824,5.477530174757858
67500,0.000008353520281605497,5.4842463047666214
68000,0.000008302284979242252,5.492611206567462
68500,0.000008302178220212555,5.5050333937620355
69000,0.000008318475382425677,5.5143831303280475
69500,0.00000828728354406338,5.521038766592601
70000,0.000008259550235830174,5.530233249244938
70500,0.000008253326670704454,5.536902095670051
71000,0.000008241517708332832,5.546103420592153
71500,0.000008196867814785804,5.551981720972698
72000,0.000008175240112525835,5.562049914300222
72500,0.000008173596912601713,5.565101019574843
73000,0.000008149727730304268,5.577130925570125
73500,0.000008138105901495668,5.582108117265336
74000,0.000008118063529412907,5.592570907898599
74500,0.00000811407404124653,5.597606800449935
75000,0.000008070335303385608,5.605666285648822
75500,0.000008036183060430388,5.616300792886258
76000,0.000008021781418688335,5.62667036244954
76500,0.00000800206441657205,5.637426547361037
77000,0.000007953729563701682,5.644592994862634
77500,0.00000796519879237469,5.654853704745577
78000,0.000007942091655193883,5.660412424029314
78500,0.000007925811699095268,5.66959697368989
79000,0.000007896744189713526,5.678961646769222
79500,0.000007868795061888924,5.689795032075204
80000,0.000007859721180991587,5.700564162349149
80500,0.000007861518338538134,5.713638596712737
81000,0.000007829759791695006,5.7227566363470626
81500,0.00000781905259027074,5.734962702103045
82000,0.000007805337841891334,5.748076744818631
82500,0.000007801590501305553,5.7595174252698875
83000,0.000007829237469193587,5.781249344921668
83500,0.000007770595450046395,5.786135043816908
84000,0.00000777790948609387,5.798068604674668
84500,0.000007772456242319785,5.81463427440696
85000,0.00000776764281905275,5.825663195837146
85500,0.000007756132432447775,5.843087947299299
86000,0.000007752886515614408,5.856840667470522
86500,0.000007755156960388185,5.870931470388686
87000,0.000007768510033025704,5.883599703669271
87500,0.000007799671826358154,5.900508074072436
88000,0.00000776950149046181,5.9131097945922875
88500,0.00000779489789268068,5.9294821610984645
89000,0.00000779981936648323,5.947516556320457
89500,0.000007858674036884845,5.963187599366367
90000,0.000007800809946347875,5.9807927868549315
90500,0.000007867098885083435,5.991927821760998
91000,0.000007895921334118964,5.994462386000007
91500,0.000007826672145411556,6.019293599829435
92000,0.00000790865651377725,6.031611102959665
92500,0.000007897666859298917,6.049184078448533
93000,0.000007925494356870204,6.067699615674023
93500,0.000007935477910675916,6.083868783721099
94000,0.000008004343690509383,6.095062837923614
94500,0.000007993276390000188,6.111085055960149
95000,0.000008038071735474233,6.123046491148067
95500,0.000008034356187265546,6.133875044358414
96000,0.000008047918003913808,6.150821330561306
96500,0.000008080005502933145,6.165369054823333
97000,0.00000809849466550929,6.179466943257052
97500,0.000008135394451884695,6.197006200433373
98000,0.000008165848606023109,6.207517777691654
98500,0.00000819712255050624,6.220991905168271
99000,0.000008239353732324838,6.2352221203025096
